3,6,7919,2,3,0,0
3,6,7919,2,3,3,6
3,6,7919,2,3,6654,5698
3,6,7919,2,3,6698,4417
3,6,7919,2,3,3527,1488
3,6,7919,2,3,2356,555
3,6,7919,2,3,3284,4132
3,6,7919,2,3,7825,5730
3,6,7919,2,3,3298,5275
3,6,7919,2,3,6576,5
3,6,7919,2,3,2796,5940
3,6,7919,2,3,2579,1666
3,6,7919,2,3,1401,5266
3,6,7919,2,3,690,3085
3,6,7919,2,3,5942,7381
3,6,7919,2,3,1388,3373
3,6,7919,2,3,7120,4368
3,6,7919,2,3,1701,6662
3,6,7919,2,3,3941,4742
3,6,7919,2,3,5001,6101
3,6,7919,2,3,816,1441
3,6,7919,2,3,7617,6250
3,6,7919,2,3,5224,1050
3,6,7919,2,3,4623,1905
3,6,7919,2,3,3062,3740
3,6,7919,2,3,1048,194
3,6,7919,2,3,1180,3450
3,6,7919,2,3,3514,5027
3,6,7919,2,3,2382,460
3,6,7919,2,3,5009,6242
3,6,7919,2,3,4899,1292
3,6,7919,2,3,2592,430
3,6,7919,2,3,3683,6616
3,6,7919,2,3,7517,6424
3,6,7919,2,3,4503,914
3,6,7919,2,3,500,5884
3,6,7919,2,3,1826,3258
3,6,7919,2,3,5536,7669
3,6,7919,2,3,3992,1106
3,6,7919,2,3,5460,796
3,6,7919,2,3,2581,4874
3,6,7919,2,3,5426,7183
3,6,7919,2,3,1104,2465
3,6,7919,2,3,607,7348
3,6,7919,2,3,7295,1401
3,6,7919,2,3,3238,5638
3,6,7919,2,3,146,734
3,6,7919,2,3,2822,7240
3,6,7919,2,3,1313,3467
3,6,7919,2,3,6277,5942
3,6,7919,2,3,3055,1100
3,6,7919,2,3,1900,2547
3,6,7919,2,3,1183,1131
3,6,7919,2,3,4607,6208
3,6,7919,2,3,1179,2187
3,6,7919,2,3,6724,4842
3,6,7919,2,3,4055,4783
3,6,7919,2,3,4801,4676
3,6,7919,2,3,7615,4046
3,6,7919,2,3,36,3730
3,6,7919,2,3,1599,585
3,6,7919,2,3,4496,314
3,6,7919,2,3,6696,4049
3,6,7919,2,3,3785,7867
3,6,7919,2,3,694,1642
3,6,7919,2,3,4624,5006
3,6,7919,2,3,1841,3328
3,6,7919,2,3,586,724
3,6,7919,2,3,759,1277
3,6,7919,2,3,5704,2864
3,6,7919,2,3,4926,2453
3,6,7919,2,3,7582,4104
3,6,7919,2,3,7856,7397
3,6,7919,2,3,124,6945
3,6,7919,2,3,7638,3584
3,6,7919,2,3,2118,3608
3,6,7919,2,3,2251,3594
3,6,7919,2,3,6507,2802
3,6,7919,2,3,1241,4108
3,6,7919,2,3,3403,4963
3,6,7919,2,3,1091,6010
3,6,7919,2,3,3820,7200
3,6,7919,2,3,907,4703
3,6,7919,2,3,1985,7794
3,6,7919,2,3,913,7222
3,6,7919,2,3,3186,5403
3,6,7919,2,3,6800,5173
3,6,7919,2,3,2106,5211
3,6,7919,2,3,1207,3408
3,6,7919,2,3,7656,5718
3,6,7919,2,3,6271,2052
3,6,7919,2,3,1120,4165
3,6,7919,2,3,5116,3650
3,6,7919,2,3,5315,424
3,6,7919,2,3,2646,5931
3,6,7919,2,3,7075,4886
3,6,7919,2,3,2889,7319
3,6,7919,2,3,2259,3958
3,6,7919,2,3,6767,6735
3,6,7919,2,3,3797,4244
3,6,7919,2,3,7862,5922
3,6,7919,2,3,3124,3635
3,6,7919,2,3,2514,4090
3,6,7919,2,3,727,6562
3,6,7919,2,3,5293,87
3,6,7919,2,3,2874,712
3,6,7919,2,3,3982,1338
3,6,7919,2,3,3961,6188
3,6,7919,2,3,6608,1158
3,6,7919,2,3,4101,4997
3,6,7919,2,3,850,7637
3,6,7919,2,3,5604,3170
3,6,7919,2,3,6407,1766
3,6,7919,2,3,7911,3222
3,6,7919,2,3,4459,6930
3,6,7919,2,3,5419,2554
3,6,7919,2,3,6338,7430
3,6,7919,2,3,5816,1642
3,6,7919,2,3,1276,5623
3,6,7919,2,3,3205,2226
3,6,7919,2,3,370,1540
3,6,7919,2,3,2645,1768
3,6,7919,2,3,3566,1880
3,6,7919,2,3,873,4775
3,6,7919,2,3,2800,1929
3,6,7919,2,3,5957,1546
3,6,7919,2,3,6399,6397
3,6,7919,2,3,7002,6465
3,6,7919,2,3,4019,2917
3,6,7919,2,3,4949,1587
3,6,7919,2,3,5759,5660
3,6,7919,2,3,772,5614
3,6,7919,2,3,734,4065
3,6,7919,2,3,1641,1851
3,6,7919,2,3,6572,3081
3,6,7919,2,3,3720,4501
3,6,7919,2,3,2454,7627
3,6,7919,2,3,7860,7899
3,6,7919,2,3,2347,1821
3,6,7919,2,3,4799,7294
3,6,7919,2,3,6735,2696
3,6,7919,2,3,4517,7375
3,6,7919,2,3,1061,2393
3,6,7919,2,3,126,5158
3,6,7919,2,3,800,862
3,6,7919,2,3,381,5957
3,6,7919,2,3,4272,6759
3,6,7919,2,3,911,2225
3,6,7919,2,3,5282,6969
3,6,7919,2,3,217,3924
3,6,7919,2,3,7577,3128
3,6,7919,2,3,1488,7579
3,6,7919,2,3,7393,3129
3,6,7919,2,3,75,943
3,6,7919,2,3,7132,2136
3,6,7919,2,3,1866,5
3,6,7919,2,3,4161,111
3,6,7919,2,3,4160,89
3,6,7919,2,3,5355,7829
3,6,7919,2,3,6104,3477
3,6,7919,2,3,6571,4249
3,6,7919,2,3,3200,4132
3,6,7919,2,3,1797,6965
3,6,7919,2,3,5605,3389
3,6,7919,2,3,7396,7914
3,6,7919,2,3,6042,7320
3,6,7919,2,3,442,4423
3,6,7919,2,3,1435,3787
3,6,7919,2,3,7812,4255
3,6,7919,2,3,4424,5834
3,6,7919,2,3,4506,406
3,6,7919,2,3,3588,2936
3,6,7919,2,3,5341,1253
3,6,7919,2,3,7459,4931
3,6,7919,2,3,7407,7241
3,6,7919,2,3,48,88
3,6,7919,2,3,4954,299
3,6,7919,2,3,3422,1204
3,6,7919,2,3,8,5785
3,6,7919,2,3,1036,6573
3,6,7919,2,3,3871,2772
3,6,7919,2,3,1409,6277
3,6,7919,2,3,3227,6544
3,6,7919,2,3,2741,3628
3,6,7919,2,3,112,301
3,6,7919,2,3,3019,3383
3,6,7919,2,3,7490,1633
3,6,7919,2,3,2089,4954
3,6,7919,2,3,5480,4602
3,6,7919,2,3,3044,3616
3,6,7919,2,3,7507,6713
3,6,7919,2,3,5342,3140
3,6,7919,2,3,7276,2205
3,6,7919,2,3,416,3398
3,6,7919,2,3,6363,4419
3,6,7919,2,3,190,3312
3,6,7919,2,3,1296,299
3,6,7919,2,3,1227,4604
3,6,7919,2,3,5909,7750
3,6,7919,2,3,2276,5536
3,6,7919,2,3,1745,6685
3,6,7919,2,3,3612,3654
3,6,7919,2,3,4454,5889
3,6,7919,2,3,4057,3487
3,6,7919,2,3,2067,6297
3,6,7919,2,3,4472,6573
3,6,7919,2,3,2591,5416
3,6,7919,2,3,1407,6508
3,6,7919,2,3,7635,5057
3,6,7919,2,3,2014,5145
3,6,7919,2,3,7430,5957
3,6,7919,2,3,502,5917
3,6,7919,2,3,2934,7218
3,6,7919,2,3,3718,6699
3,6,7919,2,3,329,999
3,6,7919,2,3,6425,5064
3,6,7919,2,3,253,1410
3,6,7919,2,3,7357,1900
3,6,7919,2,3,5471,4336
3,6,7919,2,3,446,2363
3,6,7919,2,3,4834,6753
3,6,7919,2,3,5839,364
3,6,7919,2,3,673,3736
3,6,7919,2,3,4896,5730
3,6,7919,2,3,6176,3061
3,6,7919,2,3,4612,7301
3,6,7919,2,3,164,1246
3,6,7919,2,3,646,6207
3,6,7919,2,3,3035,7898
3,6,7919,2,3,3830,4523
3,6,7919,2,3,3117,2189
3,6,7919,2,3,2486,2340
3,6,7919,2,3,7684,7636
3,6,7919,2,3,1890,5056
3,6,7919,2,3,6899,453
3,6,7919,2,3,3282,2077
3,6,7919,2,3,5339,7523
3,6,7919,2,3,5191,2700
3,6,7919,2,3,5654,6795
3,6,7919,2,3,732,2459
3,6,7919,2,3,2995,3885
3,6,7919,2,3,5862,7757
3,6,7919,2,3,287,3692
3,6,7919,2,3,7757,1299
3,6,7919,2,3,4032,5506
3,6,7919,2,3,0,3023
3,6,7919,2,3,1250,5498
3,6,7919,2,3,7209,2080
3,6,7919,2,3,3385,6322
3,6,7919,2,3,4217,3799
3,6,7919,2,3,5134,177
3,6,7919,2,3,7887,2534
3,6,7919,2,3,1781,4880
3,6,7919,2,3,1787,1241
3,6,7919,2,3,2852,6176
3,6,7919,2,3,3185,4210
3,6,7919,2,3,2878,5787
3,6,7919,2,3,3629,3167
3,6,7919,2,3,7266,4794
3,6,7919,2,3,4,7196
3,6,7919,2,3,861,7794
3,6,7919,2,3,1327,3205
3,6,7919,2,3,4096,7097
3,6,7919,2,3,5711,5411
3,6,7919,2,3,2814,5297
3,6,7919,2,3,3024,4703
3,6,7919,2,3,3955,6749
3,6,7919,2,3,5107,5841
3,6,7919,2,3,5612,5741
3,6,7919,2,3,5928,3751
3,6,7919,2,3,4825,7017
3,6,7919,2,3,3345,4256
3,6,7919,2,3,4703,1628
3,6,7919,2,3,120,2053
3,6,7919,2,3,5076,1596
3,6,7919,2,3,4282,7471
3,6,7919,2,3,4488,1980
3,6,7919,2,3,5874,7220
3,6,7919,2,3,239,4692
3,6,7919,2,3,7403,2850
3,6,7919,2,3,6186,3298
3,6,7919,2,3,358,357
3,6,7919,2,3,4076,5492
3,6,7919,2,3,4128,2530
3,6,7919,2,3,3807,3155
3,6,7919,2,3,7794,1807
3,6,7919,2,3,1465,5098
3,6,7919,2,3,3655,675
3,6,7919,2,3,4395,3639
3,6,7919,2,3,1691,69
3,6,7919,2,3,119,2523
3,6,7919,2,3,5646,773
3,6,7919,2,3,3601,281
3,6,7919,2,3,3069,6138
3,6,7919,2,3,4851,6136
3,6,7919,2,3,7525,1610
3,6,7919,2,3,7890,5789
3,6,7919,2,3,1017,7540
3,6,7919,2,3,2214,5777
3,6,7919,2,3,4772,4337
3,6,7919,2,3,2377,3067
3,6,7919,2,3,1004,4304
3,6,7919,2,3,7047,1259
3,6,7919,2,3,1016,7273
3,6,7919,2,3,4022,259
3,6,7919,2,3,705,2732
3,6,7919,2,3,5955,6256
3,6,7919,2,3,5216,265
3,6,7919,2,3,4334,5603
3,6,7919,2,3,5306,3382
3,6,7919,2,3,1374,1618
3,6,7919,2,3,5962,2235
3,6,7919,2,3,5340,6116
3,6,7919,2,3,82,2518
3,6,7919,2,3,6839,7065
3,6,7919,2,3,3952,463
3,6,7919,2,3,3075,2470
3,6,7919,2,3,5853,1736
3,6,7919,2,3,4051,1044
3,6,7919,2,3,117,536
3,6,7919,2,3,840,7356
3,6,7919,2,3,7170,3816
3,6,7919,2,3,5899,6446
3,6,7919,2,3,1375,4115
3,6,7919,2,3,1809,7595
3,6,7919,2,3,7498,3363
3,6,7919,2,3,4399,2899
3,6,7919,2,3,892,7391
3,6,7919,2,3,7039,2902
3,6,7919,2,3,1292,706
3,6,7919,2,3,2587,4937
3,6,7919,2,3,68,915
3,6,7919,2,3,7202,6408
3,6,7919,2,3,886,2632
3,6,7919,2,3,1807,1131
3,6,7919,2,3,4303,2106
3,6,7919,2,3,7395,2093
3,6,7919,2,3,3203,5604
3,6,7919,2,3,5040,3442
3,6,7919,2,3,7441,5559
3,6,7919,2,3,7296,1147
3,6,7919,2,3,7716,5387
3,6,7919,2,3,3245,7104
3,6,7919,2,3,5073,125
3,6,7919,2,3,6266,4147
3,6,7919,2,3,4072,7075
3,6,7919,2,3,6713,4169
3,6,7919,2,3,3988,3216
3,6,7919,2,3,4594,5745
3,6,7919,2,3,3897,5762
3,6,7919,2,3,4966,3428
3,6,7919,2,3,2604,7211
3,6,7919,2,3,5580,6649
3,6,7919,2,3,7801,3590
3,6,7919,2,3,4481,3637
3,6,7919,2,3,108,1962
3,6,7919,2,3,2880,6584
3,6,7919,2,3,876,3225
3,6,7919,2,3,4710,5252
3,6,7919,2,3,6612,3308
3,6,7919,2,3,5743,5697
3,6,7919,2,3,872,1286
3,6,7919,2,3,4734,3414
3,6,7919,2,3,2374,6662
3,6,7919,2,3,7021,1174
3,6,7919,2,3,1987,896
3,6,7919,2,3,542,782
3,6,7919,2,3,2320,7354
3,6,7919,2,3,3644,7679
3,6,7919,2,3,4166,5630
3,6,7919,2,3,4841,3072
3,6,7919,2,3,1904,6705
3,6,7919,2,3,1669,7620
3,6,7919,2,3,2806,645
3,6,7919,2,3,6935,3516
3,6,7919,2,3,7,1308
3,6,7919,2,3,4973,5654
3,6,7919,2,3,1339,2542
3,6,7919,2,3,1490,1202
3,6,7919,2,3,2111,1824
3,6,7919,2,3,3844,1257
3,6,7919,2,3,6423,1210
3,6,7919,2,3,6657,996
3,6,7919,2,3,7502,7240
3,6,7919,2,3,2411,1346
3,6,7919,2,3,3010,3543
3,6,7919,2,3,4929,6788
3,6,7919,2,3,6671,5073
3,6,7919,2,3,4585,4196
3,6,7919,2,3,6961,2328
3,6,7919,2,3,3559,560
3,6,7919,2,3,6786,652
3,6,7919,2,3,717,7845
3,6,7919,2,3,7148,7427
3,6,7919,2,3,1674,208
3,6,7919,2,3,4028,3493
3,6,7919,2,3,4563,185
3,6,7919,2,3,1,199
3,6,7919,2,3,3369,134
3,6,7919,2,3,6830,6063
3,6,7919,2,3,2699,7377
3,6,7919,2,3,6406,5255
3,6,7919,2,3,613,1030
3,6,7919,2,3,5650,2354
3,6,7919,2,3,3817,4075
3,6,7919,2,3,4363,6949
3,6,7919,2,3,5565,6964
3,6,7919,2,3,437,4215
3,6,7919,2,3,5904,5734
3,6,7919,2,3,2122,7131
3,6,7919,2,3,5399,1844
3,6,7919,2,3,1079,2410
3,6,7919,2,3,2308,6443
3,6,7919,2,3,4068,3999
3,6,7919,2,3,3783,6450
3,6,7919,2,3,6981,6425
3,6,7919,2,3,294,2930
3,6,7919,2,3,3344,7134
3,6,7919,2,3,3746,6455
3,6,7919,2,3,5714,3775
3,6,7919,2,3,5674,7031
3,6,7919,2,3,6335,7903
3,6,7919,2,3,1752,838
3,6,7919,2,3,4859,215
3,6,7919,2,3,6910,1153
3,6,7919,2,3,6357,1765
3,6,7919,2,3,3933,6840
3,6,7919,2,3,1548,5045
3,6,7919,2,3,3744,48
3,6,7919,2,3,3269,205
3,6,7919,2,3,5514,679
3,6,7919,2,3,6651,1510
3,6,7919,2,3,893,7016
3,6,7919,2,3,3275,7500
3,6,7919,2,3,4644,5188
3,6,7919,2,3,6870,998
3,6,7919,2,3,4219,3548
3,6,7919,2,3,2171,6888
3,6,7919,2,3,3477,1400
3,6,7919,2,3,1891,750
3,6,7919,2,3,1993,1156
3,6,7919,2,3,1528,2535
3,6,7919,2,3,5112,6809
3,6,7919,2,3,441,3912
3,6,7919,2,3,5963,6833
3,6,7919,2,3,6848,7493
3,6,7919,2,3,6376,5615
3,6,7919,2,3,93,5494
3,6,7919,2,3,5210,4874
3,6,7919,2,3,2831,772
3,6,7919,2,3,301,1459
3,6,7919,2,3,750,7061
3,6,7919,2,3,4420,4912
3,6,7919,2,3,2890,7860
3,6,7919,2,3,5775,1084
3,6,7919,2,3,525,127
3,6,7919,2,3,3392,4776
3,6,7919,2,3,215,899
3,6,7919,2,3,430,3014
3,6,7919,2,3,1818,5995
3,6,7919,2,3,5058,6940
3,6,7919,2,3,5274,2431
3,6,7919,2,3,214,5962
3,6,7919,2,3,7203,1937
3,6,7919,2,3,6682,4770
3,6,7919,2,3,6465,4691
3,6,7919,2,3,2954,640
3,6,7919,2,3,501,6848
3,6,7919,2,3,1308,1242
3,6,7919,2,3,2449,1919
3,6,7919,2,3,5831,7499
3,6,7919,2,3,2507,1688
3,6,7919,2,3,1738,277
3,6,7919,2,3,1413,2809
3,6,7919,2,3,4209,1304
3,6,7919,2,3,244,5632
3,6,7919,2,3,976,2877
3,6,7919,2,3,5406,3788
3,6,7919,2,3,6530,344
3,6,7919,2,3,5457,3025
3,6,7919,2,3,7388,6292
3,6,7919,2,3,720,5231
3,6,7919,2,3,7092,7412
3,6,7919,2,3,341,4422
3,6,7919,2,3,7792,7784
3,6,7919,2,3,3968,7572
3,6,7919,2,3,1130,336
3,6,7919,2,3,4796,4781
3,6,7919,2,3,128,3045
3,6,7919,2,3,3243,4531
3,6,7919,2,3,2640,5440
3,6,7919,2,3,721,2043
3,6,7919,2,3,5348,1429
3,6,7919,2,3,751,7582
3,6,7919,2,3,2264,7330
3,6,7919,2,3,4643,3299
3,6,7919,2,3,2253,906
3,6,7919,2,3,595,1341
3,6,7919,2,3,2940,7296
3,6,7919,2,3,6732,1152
